	LST.003.pre	LST.014.pre	LST.016.pre	LST.019.pre	LST.012.pre	LST.021.pre	LST.026.pre	STS.007.pre	LST.013.pre	LST.017.pre	LST.018.pre	LST.020.pre	LST.022.pre	STS.009.pre	LST.003.post	LST.014.post	LST.016.post	LST.019.post	LST.012.post	LST.021.post	LST.026.post	STS.007.post	LST.013.post	LST.017.post	LST.018.post	LST.020.post	LST.022.post	STS.009.post
Adipocytes	0.0198	0.0085	0.0302	0.0016	0.034	0.0078	0.0259	0.0441	0.0207	0.0118	0.0269	0.0206	0.009	0	0.0341	0	0.0308	0	0	0.0291	0.0142	0.0215	0.0195	0.0031	8e-04	0.0202	0.0253	0.0072
Astrocytes	0	0.0058	0.0197	0.0303	0.0319	0.0165	0.0176	0	0	0	0.0135	0.0306	0.0109	0	0.0118	0.0296	0.0172	0.0247	0.0112	0.013	0.0417	0.0124	0.0065	0.0239	0.0183	0.0402	0.0063	0
B-cells	0.1713	0.0114	0.0131	0.0592	0	0.0858	0.0958	0	0.0313	0.1098	0	0.0696	0.1006	0.1942	0.1435	0	0	0.0629	0.0386	0.0773	0.0696	0.0279	0.0128	0.0927	0	0.0953	0.1103	0.178
Basophils	0.0999	0	0.1138	0.0101	0.0528	0.1199	0.0873	0.1149	0.0377	0.0275	0	0.1068	0.0297	0	0.1575	0.006	0.2041	0.1395	0	0.0606	0.1329	0.131	0.0161	0.0401	0	0.0737	0.0302	0
CD4+ T-cells	0.1724	0.0937	0.0445	0	0.0969	0.0099	0.0943	0.0675	0.2237	0.1318	0	0.1146	0.1578	0.2792	0.0933	0.0429	0	0	0.1377	0	0.1078	0.1079	0.1922	0.058	0	0.1375	0.1865	0.2484
CD4+ Tcm	0	0	0	0	0.0243	0	0	0.0137	0.0764	0.0046	0	0.0635	0.0375	0.0419	0.025	0	0	0	0.044	0	0	0.004	0.0324	0	0	0.0238	0.0563	0.0396
CD4+ Tem	0.0705	0.0236	0	0	0.0281	0	0.0963	0.0034	0.0264	0	0	0	0.0569	0.089	0.0347	0.0178	0	0	0.04	0	0.0792	0.0407	0.0023	0	0	0	0.0386	0.0753
CD4+ memory T-cells	0.2573	0.1047	0.0511	0	0.0706	0	0.1144	0.0273	0.2301	0.0999	0	0.0403	0.1908	0.4041	0.1269	0.0306	0	0	0.1745	0	0.1532	0.0934	0.2409	0.0651	0	0.1382	0.2106	0.3452
CD4+ naive T-cells	0.0305	0.0045	0	0	0.0429	0	0	0.0239	0.1153	0.0836	0	0.0899	0.0462	0.1046	0	0	0	0	0.065	0	0	0.0505	0.0713	0.0133	0	0.0962	0.0744	0.0961
CD8+ T-cells	0.0557	0	0	0	0	0	0.0398	0.01	0.1176	0.0318	0	0.0845	0.0461	0.078	0.014	0	0	0	0	0	0.0279	0.066	0.0844	0	0	0.0682	0.0618	0.0504
CD8+ Tcm	0.0728	0	0	0	0	0	0.0519	0	0.0695	0.0074	0	0.0023	0.029	0.0893	0.0193	0	0	0	0	0	0.0514	0.0364	0.0702	0	0	0	0.0491	0.0836
CD8+ Tem	0.0651	0	0.0167	0	0	0	0.0284	0.1012	0.0078	0	0	0.0184	0.022	0	0.0887	0	0.0077	0	0	0	0.048	0.1042	0.0164	0	0	0.0512	0.0191	0.0215
CD8+ naive T-cells	0.045	0.0276	0.0663	0	0	0.0157	0.058	0.0098	0.1321	0.0347	0	0.0744	0.0716	0.0486	0	0	0	0	0	0.0442	0.0394	0.0173	0.1189	0.0469	0.0283	0.0518	0.0656	0.0057
CLP	0.0814	0.0532	0.0764	0.018	0.0168	0	0.048	0.0216	0.0859	0.0753	0.034	0.037	0.0475	0.1394	0.0306	0.0144	0.0149	0.0019	0.0475	0.0051	0.0399	0.0422	0.0859	0.0651	0.0055	0.0129	0.0653	0.1167
CMP	0	0	0.0413	0	0	0	0.0093	0.0041	0	0	0.0061	0.0327	0	0	0.022	0	0.0827	0	0	0	0.029	0	0	0	0	0	0	0.0101
Chondrocytes	0	0.0022	0	0	0	0	0	0	0	0	0	0	0	0	0	0	0	0	0	0	0.0045	0	0	0	0.0229	0.0036	0	0
Class-switched memory B-cells	0.0532	0	0	0.0633	0.0055	0	0.0505	0	0	0	0	0.0585	0.0253	0.0387	0.0694	0	0	0.0905	0.023	0	0.0368	0	0	0.0103	0	0.048	0.0348	0.0604
DC	0	0.0404	0	0.0339	0.0505	0.0309	0.043	0.0352	0.0478	0.0517	0.0719	0.0552	0.0514	0.003	0	0.0587	0	0.041	0.0557	0.0457	0.0311	0.0395	0.0275	0.0348	0.0563	0.0366	0.0537	0
Endothelial cells	0	0	0.0095	0.0321	0.0163	0.035	0.0055	0.0468	0	0.0455	0.0119	0.0314	0.0169	0	0.0341	0.0164	0.0328	0.0179	0.0037	0.0489	0.0056	0.0475	0	0.0415	0.0331	0.0195	0.0268	0
Eosinophils	0	0.2944	0.1513	0.2266	0.4666	0.0261	0.1991	0.0194	0.0725	0.0989	0.4788	0.0973	0.0796	0.0025	0	0.2655	0.1373	0.0606	0.4203	0.0716	0.1788	0	0.1014	0.1	0.4386	0.1192	0.047	0.1769
Epithelial cells	0.0392	0.0681	0.0687	0.0722	0.1059	0.0814	0.0744	0.0757	0.075	0.0683	0.0835	0.0492	0.0546	0.0035	0.0819	0.0876	0.1128	0.0579	0.0699	0.0867	0.0986	0.0881	0.0665	0.053	0.0953	0.0709	0.0593	0.0485
Erythrocytes	0.0205	0	0.0823	0	0.0139	0.105	0.076	0.1208	0.1117	0.0705	0	0.1311	0.0248	0	0.0323	0	0.0641	0.0062	0.009	0.0818	0.0499	0.1112	0.1067	0.0378	0.0392	0.118	0.0405	0.0274
Fibroblasts	0	9e-04	0.0146	0	0.004	0	0	0.0084	0	0.0177	0	0	0.0023	0	0.0319	0	0.0039	0	0	0.0073	0.0091	0	0	0	0.0055	0.002	0	0.0148
GMP	0.0924	0.0805	0.1044	0.0382	0.0879	0.0303	0.1235	0	0.0933	0.0446	0.1273	0.0039	0.0314	0.1487	0.0087	0.0368	0.06	0	0.0807	0.045	0.1178	0	0.1165	0.0344	0.0792	0.0401	0	0.1594
HSC	0	0	0	0	0	0	0	0.0079	0	0	0.013	0.0196	0	0	0.0064	0.0143	0.0126	0.0189	0	0.0012	0.0121	0	0	0.0383	0.0074	0.046	0	0.0155
Hepatocytes	0.0111	0	0.0128	8e-04	0	0.0201	0.0047	0.012	0.0137	0.0163	0	0.0047	0.0204	0	0.026	0.0058	0.0091	0	0	0.0201	0.0139	0.0212	0.0155	0.0094	0	0.0076	0.0175	0.0078
Keratinocytes	0.0284	0.021	0.0405	0.0451	0.0522	0.0381	0.0337	0.0613	0.0296	0.0344	0.038	0.0717	0.028	0	0.0557	0.048	0.0761	0.0654	0.0328	0.0387	0.0524	0.064	0.0273	0.023	0.0389	0.047	0.0327	0.0205
MEP	0.0312	0	0	0	0	0	0	0	0	0	0	0	0	0	0.0199	0	0	0	0	0	0	0	0	0	0	0	0	0.0142
MPP	0	0.0409	0.0889	0.0454	0.1071	0	0.0138	0.0281	0.0015	0.0178	0.1492	0.0519	0	0	0.0361	0.0422	0.1017	0.0956	0	0	0.0717	0.0423	0	0.0244	0.0492	0.0264	0	0
MSC	0.0468	0.0724	0.1166	0.1755	0.175	0.0897	0.0963	0.261	0.1721	0.1245	0.187	0.2881	0.1058	0	0.1293	0.1394	0.1939	0.172	0.0953	0.1212	0.0976	0.2296	0.0647	0	0.0954	0.1349	0.1289	0.0868
Macrophages	0.0436	0.024	0.029	0.0287	0	0.0642	0.013	0	0	0.0284	0.0154	0	0.0189	0.0165	0.0106	0	0.0084	7e-04	0	0.041	0.0096	0	0	0.0335	0	0	0.0239	0
Macrophages M1	0.0144	0.0139	0.0025	7e-04	0	0.0249	0	0	0	0.0016	0	0	0	0.0011	0.0021	0.0019	0	0.0058	0	0.0089	0	0	0	0	0	0	0	0
Macrophages M2	0.0133	0	0.0606	0.0172	0.0459	0.0295	0.0147	0.0492	0	0.0475	0.0443	0.0234	0.0331	0	0.0532	0.0011	0.0744	0.0146	0.0124	0.0512	0.0268	0.0469	0	0.0105	0	0	0.029	0.0021
Mast cells	0.0162	0.0077	0.0113	0	0.0132	0.003	0.0047	0.0034	0.0085	0.0095	0.0176	0.0055	0.0048	0.0061	0.0093	0.0085	0	0	0.0062	0	0.006	0	0.0136	0.0062	0.0251	0.0147	0.0077	0.0185
Megakaryocytes	0.0229	0.1173	0.0572	0.27	0.0755	0.09	0.0719	0.0366	0.0381	0.1923	0.253	0.1285	0.0293	0	0.0468	0.0955	0.0687	0.3033	0.0591	0.0633	0.0704	0	0.0614	0.2608	0.2219	0.1193	0.0406	0
Melanocytes	0.0163	0.0369	0.021	0.0373	0.0489	0.0363	0.0266	0.0304	0.0216	0.0282	0.0219	0.0112	0.0181	0	0.0231	0.0407	0.0423	0.0381	0.0455	0.0452	0.0338	0.0185	0.0325	0.0267	0.0401	0.0271	0.0088	0.0064
Memory B-cells	0.0843	0	0	0.0313	0	0.0432	0.0391	0	0	0.0515	0	0.028	0.0498	0.0901	0.0673	0	0	0.0373	0	0.0483	0.0203	0.0141	0	0.0282	0	0.044	0.0594	0.0869
Mesangial cells	0.0151	0.0166	0.0396	0.0325	0.0499	0.0386	0.0319	0.0601	0.0258	0.0408	0.0432	0.0621	0.0415	0	0.0508	0.0484	0.06	0.064	0.0264	0.0382	0.0617	0.0614	0.023	0.0277	0.0449	0.0522	0.0339	0.0258
Monocytes	0	0	0.005	0	0	0.0147	0	0	0	0	0	0	0	0	0	0	0.0061	0	0	0.0427	0	0	0	0.0062	0	0	0	0
Myocytes	0	0	0.0227	0.0027	0.0033	0	0	0	0.0019	0.0081	0.0074	0.0149	0	0.0016	0.0072	0.0059	0.0167	0.0048	0	0.0041	0.0016	0.01	0.014	0	0.0164	0.0156	0	0.0029
NK cells	0.1347	0.0024	0.0694	0	0	0.0049	0.0481	0.118	0.0044	0	0.0012	0	0.0464	0.0053	0.1261	0.0378	0.0131	0	0	0	0.0364	0.076	0.0708	0.057	0.0047	0.0426	0.0322	0.0124
NKT	0.0467	0.2069	0.1786	0.2454	0.1633	0.2918	0.2151	0.2348	0.1344	0.1683	0.2815	0.0996	0.1942	0	0.1132	0.2366	0.2743	0.2878	0.1649	0.2945	0.2199	0.2077	0.1633	0.2337	0.2712	0.1099	0.1322	0
Neurons	0	0	0.0015	0	0.0038	0	0	0.0081	0.001	0.0021	4e-04	0.0156	0	0	0.0084	0.0028	0.0124	0.0125	0	0	0	0.0093	0	0	0	0.0025	0	0.0041
Neutrophils	0	0.0074	0.0011	0.0539	0	0.0095	0.0173	0	0	0	0.0316	0	0	0	0	0.0347	0.0357	0.0394	0	0.0249	0.0167	0	0.0131	0.0269	0.0471	0	0	0
Osteoblast	0.1089	0.1267	0.0288	0	0.0212	0.0753	0.0706	0.0842	0.1168	0.0367	0	0	0.1325	0.1522	0	0.0634	0	0	0.0734	0.0744	0.0207	0.0698	0.102	0.1131	0	0.0702	0.0902	0.1064
Pericytes	0.0096	0.045	0.0587	0.0465	0.054	0.0639	0.0436	0.0537	0.0436	0.0553	0.0532	0.0513	0.0478	0	0.0434	0.046	0.0713	0.0649	0.0329	0.0577	0.0459	0.0565	0.0343	0.0408	0.0585	0.0488	0.0398	0.0309
Plasma cells	0	0.0084	0.0261	0.017	0.0114	0.0582	0.0148	0.0081	0.0559	0	0	0.0057	0.0371	0	0.0161	0.0161	0.0308	0	0	0.0564	0.0415	0.0638	0.0329	0.0257	0	0.0216	0.0496	0
Platelets	0.0208	0.0647	0.0522	0.0648	0.0166	0.0161	0.0261	0.0269	0.0299	0.0998	0.0435	0.0578	0.0198	0	0.0509	0.0365	0	0.0967	0.0014	0.0129	0.044	0	0.0329	0.1411	0.0665	0.0652	0.0071	0
Preadipocytes	0.0077	0	0	0	0	0	0.0544	0	0.0089	0	0	9e-04	0.0285	0.084	0.0044	0	0	0	0	0	0.0263	0	0.0299	0	0	0	0.0095	0.0407
Sebocytes	0.004	0.0036	0.005	0.0038	0.0039	0.003	0.0038	0.0043	0.0028	0.0038	0.0037	0.0056	0.0023	0	0.0032	0.0043	0.0053	0.0035	0.0026	0.0029	0.004	0.0039	0.0021	0.0029	0.0045	0.0027	0.0041	4e-04
Skeletal muscle	0.0055	0.0062	0.033	0.012	0.0321	0.0241	0.018	0.0282	0.0202	0.0277	0.0295	0.0439	0.0222	0	0.037	0.0173	0.0348	0.0309	0.0131	0.0282	0.0317	0.0337	0.0167	0.0076	0.0247	0.0338	0.0205	0.0179
Smooth muscle	0.1595	0.0576	0.0359	0	0	0.0329	0.0641	0	0.0809	0.0736	0	0	0.0777	0.2689	0.0192	0	0	0	0.0471	0	0.0195	0	0.0956	0.0953	0	7e-04	0.0396	0.154
Tgd cells	0.0695	0.0394	0.0223	0	0.0228	0	0.0391	0.0135	0.0534	0.0315	0	0	0.0486	0.0793	0.0257	0.0071	0	0	0.0321	0.004	0.0525	0.0317	0.0733	0.0109	0	0.0222	0.063	0.0794
Th1 cells	4e-04	0.0344	0.0251	0	0.0191	0.1316	0.0797	0.0354	0.074	0.0758	0.002	0.0915	0.0418	0	0.0084	0	0.0518	0	0.0302	0.0897	0	0.076	0.063	0.0578	0.0217	0.0495	0.0468	0
Th2 cells	0.0777	0.0165	0.0429	0.0304	0	0	0.0974	0.0441	0.0485	0.013	0.0405	0.0191	0.0471	0.0884	0.0813	0.0179	0.0351	0	0.0045	0.0179	0.0701	0.0577	0.0626	0.0466	0.0171	0.0228	0.0312	0.0665
Tregs	0.0725	0.1197	0	0.0522	0.0923	0.0476	0.0024	0.0253	0.0343	0	0	0	0.044	0.0619	0.0327	0.0507	0	0.0376	0.0663	0	0.0123	0	0.0506	0	0.0042	0	0.0454	0.0388
aDC	0	0	0	0	0	0.0016	0.0024	0	0.0026	0	0	0	0.0061	0.0037	0	0	0	0	0	0.0243	0	0	0	0	0	0	0.0077	0.0113
cDC	0.017	0	0	0	0	0	0	0	0	0.0103	0	0	0	0.0712	0	0	0	0	0	0	0	0.0281	0	0.0026	0	0	4e-04	0.0083
iDC	0	0.0412	0	0.0471	0.0849	0.0622	0.0364	0.0408	0.0719	0.0658	0.0744	0.0854	0.0559	0	0	0.0707	0	0.0457	0.0782	0.0489	0.0303	0.0226	0.0502	0.0421	0.0675	0.0706	0.0619	0.0016
ly Endothelial cells	0.0086	0.0399	0.0379	0.0778	0.0631	0.0488	0.0392	0.0638	0.0219	0.0473	0.0742	0.073	0.0237	0	0.054	0.0418	0.0814	0.0784	0.0242	0.0609	0.0566	0.0705	0.0037	0.0387	0.0606	0.0392	0.0422	0.0121
mv Endothelial cells	0.04	0.0647	0.0888	0.1047	0.1198	0.1273	0.0839	0.1377	0.0783	0.1043	0.0964	0.1423	0.0877	0	0.0926	0.0834	0.1145	0.0996	0.0678	0.1324	0.1041	0.1081	0.0528	0.0833	0.0998	0.0917	0.0815	0.0399
naive B-cells	0.1416	0	0	0.0354	0	0.0409	0.0415	0	0	0.0988	0	0.0388	0.0508	0.166	0.0906	0	0	0.0367	0.0349	0.0265	0.0039	0.0017	0	0.0676	0	0.0609	0.0528	0.1382
pDC	0	0	0	0	0	0.0464	0	0	0	0	0	0	0	0	0	0	0	0	0	0.0374	0	0	0	0	0	0	0	0
pro B-cells	0	0	0	0	0	0	0.0167	0	0	0.0066	0	0.0671	0	0	0.0194	0	0.0056	0.003	0	0	0.0299	0	0	0	0	0.0049	0.0027	0
ImmuneScore	0.3959	0.3209	0.2165	0.2682	0.4181	0.166	0.3701	0.169	0.3372	0.3079	0.411	0.2845	0.3371	0.3899	0.2645	0.2987	0.1337	0.1364	0.439	0.2021	0.3226	0.2115	0.3439	0.2769	0.3812	0.3427	0.3487	0.4564
StromaScore	0.0099	0.0047	0.0272	0.0168	0.0272	0.0214	0.0157	0.0496	0.0104	0.0375	0.0194	0.026	0.0141	0	0.05	0.0082	0.0338	0.009	0.0018	0.0426	0.0144	0.0345	0.0098	0.0223	0.0197	0.0208	0.026	0.011
MicroenvironmentScore	0.4058	0.3256	0.2436	0.285	0.4453	0.1874	0.3858	0.2186	0.3476	0.3454	0.4304	0.3105	0.3512	0.3899	0.3146	0.3069	0.1675	0.1453	0.4408	0.2448	0.337	0.246	0.3536	0.2992	0.4009	0.3636	0.3748	0.4674
