	LST.003.pre	LST.014.pre	LST.016.pre	LST.019.pre	LST.012.pre	LST.021.pre	LST.026.pre	STS.007.pre	LST.013.pre	LST.017.pre	LST.018.pre	LST.020.pre	LST.022.pre	STS.009.pre	LST.003.post	LST.014.post	LST.016.post	LST.019.post	LST.012.post	LST.021.post	LST.026.post	STS.007.post	LST.013.post	LST.017.post	LST.018.post	LST.020.post	LST.022.post	STS.009.post
Adipocytes	263.623678409753	182.981056557369	384.438637896416	273.854139391592	433.154715131576	296.569596769982	439.446385754597	470.164345961572	347.900286334362	270.546479121963	440.620998320357	416.396441645407	218.180733591211	13.9850900785449	391.373289975613	151.508989990147	463.531010784465	354.80862652002	165.204839735764	391.489244039528	298.781478732588	334.61602431127	283.201167011564	166.219688885443	230.69535146096	252.073295732678	314.584244727411	186.471215663238
Astrocytes	146.416361348588	310.164858389321	434.622892592314	507.531477130335	592.93434584078	342.965994123754	402.72033942037	511.219554927262	313.008761395913	337.952436445349	532.605630584435	692.244591401303	341.604464886363	0	406.215722559104	446.102894058074	596.745265934071	611.484304164106	344.868977690334	379.90715640957	502.78709940807	468.266697257543	290.564911326859	348.7542796592	465.450316573277	459.754432245696	295.492173634074	246.461603809369
B-cells	1090.00731739071	420.636892905302	404.225602758134	673.751527290651	573.905709625185	679.397695295141	846.965086397955	18.0819565244973	335.865114605616	750.689836320172	175.172541768877	634.820446029608	673.623397701219	1143.3447407856	973.332216105954	307.020399178131	336.095442736276	683.782193248801	683.87786926725	598.794738427223	759.450823569509	310.222846649689	269.938199508357	701.893076052572	208.327481125175	762.711591159574	680.546310380647	1167.27908021271
Basophils	329.288817942815	249.789524942161	406.203351222268	279.574927539191	430.850540250552	381.885681173184	404.729685854858	417.213728710435	284.882253962243	261.925059225418	458.108051310206	348.462120548144	272.683504820944	59.0100196654481	420.233700284661	316.740738242336	551.80668731144	411.535238427023	299.71575582126	323.450559868342	469.118570268252	381.162370082654	288.591382084773	310.73486242256	436.369290305451	334.808335121398	240.888108966836	149.338375685965
CD4+ T-cells	702.144225813609	451.231710463033	295.619264507098	199.119285943128	472.47053033238	248.362557468522	460.495222964017	418.642033372264	888.561012340334	596.021464183762	36.3482666720438	503.625116771409	674.606124836076	972.17681328841	487.170527321135	318.982268300615	50.106860924554	214.030383083302	584.08067373989	183.279618963383	500.313948554702	528.091164705332	810.258011828808	439.330548358086	163.545921877147	604.505696261789	731.569510221512	852.821725575507
CD4+ Tcm	294.899754224065	213.45596016716	111.017227942498	122.730166567576	261.915220690949	150.02397176437	227.618674060068	232.23033683616	519.160784778259	268.500143632603	37.2650382961351	392.535872173434	376.741519030293	428.928871922704	271.566054033871	116.824175983409	101.059291426818	176.453380002656	322.387166621057	96.8847400043144	248.557438632698	274.305627669707	391.429313056928	130.566853879168	91.5073440520525	312.685598741716	419.640069193719	372.38770673397
CD4+ Tem	429.061807373939	309.177363954368	141.797790446434	185.437099764865	316.020929598543	116.422072992381	517.323514100426	207.309572666318	424.932414697737	206.075365991593	99.08947184325	234.286732761078	421.505147551498	530.446078638181	294.422133947509	249.670887062698	47.3673086314585	142.925741282219	362.551095602476	146.536027465542	446.331808064949	340.993042344751	332.509221091763	167.197356671533	118.403311159927	198.451954326669	390.865375525019	473.6889397939
CD4+ memory T-cells	776.200839038183	408.50470077318	283.189949912792	141.444713484933	283.298581817034	111.262769353694	466.866277101476	264.659378809157	724.364002106112	418.936749170218	65.2286204400472	244.15676584576	639.728613642705	1091.97738229643	466.537189059407	252.649453798878	54.0183692341104	144.771021969351	524.837485544083	185.216065337396	559.121385108661	402.091694460869	783.273431956155	402.822566793835	169.840209954982	495.188176506615	646.066017622203	917.542371190753
CD4+ naive T-cells	461.012763243709	312.689932684669	221.078483381451	108.251439068136	361.874523683088	181.010595130442	301.948360192166	317.076792832107	687.88885336041	486.242060875349	103.359255996564	515.026336761486	473.830877178867	653.873503086033	302.661336511156	182.716913241134	62.963844663564	116.04116667295	437.522007790214	93.5574158514639	232.970457910805	429.089895046265	557.282080405799	341.061055665488	139.38148686643	537.368667173449	542.797445762484	582.639457652202
CD8+ T-cells	616.18940518123	298.269031613622	242.25186994291	177.490673543002	105.5376439763	161.093631010548	506.388658874559	406.619392520823	783.510339012251	491.19419936504	149.353926828438	593.019887099194	545.140546128937	657.206623513143	444.834516811945	237.75285919431	105.345854980659	170.996432780885	219.705734409856	147.174931273983	469.770653469269	566.497607649944	711.096326855624	414.777912689439	148.755437531056	610.537126812169	577.294474934306	527.852536932895
CD8+ Tcm	923.836399013791	374.586225575987	322.832264473687	102.901668475093	142.42148660023	233.994976703351	744.401326847902	550.443741825495	894.380038681174	547.006193246194	243.294523268464	446.69997861918	694.924840789519	865.522998608734	672.317227867552	274.459536813848	215.760501706024	102.996624595126	210.759704914414	275.882594703388	760.918344813674	708.492670310517	954.155671399291	581.401698267863	308.751840046316	516.428627993967	729.985791412486	772.268293514418
CD8+ Tem	679.909807561262	210.021659324167	437.468218093928	26.9824354502391	166.802148125909	314.45533791831	543.109702855107	737.888934670325	540.432686186267	309.23420623487	293.293636792122	376.984298694641	534.718310390172	341.454200882662	695.268317245396	284.832796879793	296.765794515007	148.231879688226	67.6372834007642	263.464264708683	609.754855573744	738.261868960691	617.786746852404	456.977760879617	330.064698158677	548.739578840885	488.524744094164	418.591707792964
CD8+ naive T-cells	323.409986788486	144.323512771167	239.751113597131	99.6324590134561	28.703401767831	96.9827761476111	273.424085972641	148.375598711797	481.285095139495	178.756804339659	4.2048170836554	256.438123923054	304.666463437617	308.787779075199	85.3459943310595	55.3166238505026	38.8758352254899	67.5590526862307	95.2797915274268	175.719728816095	232.823329136772	193.466664047963	458.076456388754	197.442721585043	111.062361155777	243.051600730284	301.35132939899	183.848000653759
CLP	381.235649802264	264.233282925521	371.826943450709	99.8913056764175	135.248684065198	5.52112948590532	239.75076496934	147.971272840662	414.010810425581	354.192614736825	205.869056351692	187.408532424163	221.974574411511	659.666839407988	150.649843202829	94.0131781231905	114.407346133253	63.7295370046762	247.557651352142	41.8862862634559	217.442333637584	217.25365547339	414.123781817252	297.547700415182	70.6976168193602	87.4609505528078	334.125924631469	570.614875507434
CMP	327.928441354195	347.093535217143	583.639527038234	352.844468820812	543.634621200654	221.989298794045	509.465178427506	290.822677900736	290.591808816808	232.37284381347	678.639710109712	433.373048837207	215.658745346537	185.085288125986	322.985761487811	269.044550871312	677.052065665023	301.799904963186	398.098879922936	241.772149658286	576.615582164447	206.289300990059	332.322095234311	208.34739423059	527.746623424677	319.362802722459	132.237547725985	495.444740250462
Chondrocytes	190.063426489187	156.782986538689	158.489942158091	166.742226343194	206.954668076921	94.4466690712556	110.033282111648	270.992537945026	72.5506330246413	70.7789897362813	190.421373735884	225.207233084277	124.146298110775	99.7626232972996	193.522736715615	184.245128017929	248.879322610268	160.277392692541	103.252766494191	123.143445399288	181.600827887564	173.960089611231	104.5279471068	106.475851769661	213.594744371433	191.183296308825	175.30641393323	98.0593603512714
Class-switched memory B-cells	557.685343505456	222.231064852248	143.074576200213	541.924995168074	413.425467251486	252.197810563513	541.289336529981	51.3287857211633	144.442183884903	304.294081363567	86.683132195694	527.123096562367	361.713675105239	448.240590121118	626.383263103024	191.994654469735	224.108791342948	652.090740912353	408.850165773712	194.172453385386	485.526480854043	166.109655685386	51.6305939074163	330.922434245152	100.593051948183	511.026134782931	404.523097086604	618.264705855906
DC	106.533606329671	653.007805704688	244.244861996998	560.203172375609	939.637394847244	549.057020340962	679.328065843304	516.399589061235	715.422357991001	684.348239363493	1004.69610884943	818.86409721442	650.095910473318	256.639101545916	192.3509949224	765.501772401991	205.654429716595	606.131721221589	863.542303144034	629.264807260384	606.449675139593	539.424391838183	484.697458917165	587.934455567678	876.106596219775	668.344376344719	641.115293735603	191.001718892828
Endothelial cells	35.4362543069021	149.890031997998	237.145445912945	392.955518035732	367.626403063534	290.878968816493	216.329145595149	359.666062128712	59.2650588578459	316.555155890718	426.485705091947	384.533339462963	151.268117043021	33.0629158252488	244.765339167894	269.858549158537	445.751755652744	454.596536350328	210.221769129842	345.56798186462	236.704627282413	328.016829307617	74.1831658767658	350.829094449266	432.300699735801	228.157423268732	180.130280423137	83.3776224889696
Eosinophils	177.934290296743	837.071374580406	523.685965208411	665.820350428991	1179.94009821478	266.110162401425	653.756971980367	314.415353830284	422.958167743998	415.402360720411	1315.70547193884	440.038402126571	380.68169558363	274.673337896739	78.8096635081591	751.904865415216	549.443374809328	374.123451572274	1072.12475424335	349.670922846224	637.503360247584	235.189762519201	449.411314642882	423.93321033571	1234.3763186822	478.863558867321	321.154697959799	582.933233613568
Epithelial cells	225.856271294971	424.734594541783	409.662756989554	596.203882585868	693.786623227482	529.234865630283	482.002095743547	509.580660437262	430.442907690496	406.802403964515	622.336685114227	475.69421222961	329.038489995942	0	497.735450516427	622.894145795731	831.915957632993	657.655766454325	442.66186894309	582.377665768233	622.81142330704	555.444545003693	385.817509041321	342.165479064742	690.298422716262	427.974854226711	379.771209890247	250.691921466672
Erythrocytes	484.424263572581	432.869341889328	1361.84662316533	757.409406961652	810.192422366547	1197.25914019388	1227.94208956989	1265.12868336468	1189.27645089923	1153.29708040712	1200.75204506749	1614.04116173261	381.271106727979	8.82633713526042	619.581469091592	324.108326818808	1308.16293862825	986.347333390721	479.008187022597	984.909603127896	1146.639864658	1127.47223123908	1165.39214177559	1084.95667858619	1202.79624024571	1457.61339029208	474.944747099793	540.425023605854
Fibroblasts	136.326333174935	142.198298165501	192.837077456738	82.7635616344904	201.213054578401	105.108882451011	117.487310730402	220.086197167127	171.755613276793	216.167351261705	207.773539862765	199.138508565191	168.951533641089	171.312570089219	218.322629746243	109.242338971446	221.473038391327	155.022776782507	109.114474800973	178.866016065366	179.186597581195	202.765040818978	143.662008375244	150.567081632379	163.846978687692	172.301868075608	117.394179972207	205.42827289714
GMP	459.707272323727	526.8247353373	612.379824497804	327.137700972807	592.744030600696	188.412561587006	638.394776599324	18.421690928851	543.833431479464	397.690060964567	778.981345306416	256.649104387933	262.982685638995	784.981355644647	177.843758084276	321.419657560658	436.031347150337	65.3915210439235	538.963222696626	261.164774808345	645.756938637603	103.631521582811	602.529690366458	377.107161761992	561.305039885012	340.93126448487	98.1414965582306	781.868137777754
HSC	161.746343338468	221.381812376792	231.667655563817	257.365767040939	310.512959799261	79.4970019090079	132.702993367762	272.078882644003	132.318947951309	178.672247073086	392.582278373365	384.902376676341	149.854775880063	147.397568581744	267.86739829791	305.969590514126	370.12837217624	386.612236259941	142.66284950834	205.049528703051	300.938826193203	241.487830746475	126.52839970417	345.275978526302	301.26511081594	373.251414328184	147.219713980946	284.21265624463
Hepatocytes	114.365107841706	141.857801877742	265.774273205436	275.295980677542	294.332511500797	318.216858012121	248.0639758654	284.520158112701	171.986325270827	197.261602557555	287.764789539212	253.634068603758	230.742050487451	0	287.233187072444	276.531585325132	396.173025636079	334.420853691837	216.359338570462	343.920131647324	317.982970561665	282.327301864298	178.171415236365	226.291247186504	255.388509167787	189.006260233325	203.253186275731	71.503089392916
Keratinocytes	285.612785337662	331.253990360212	435.376236994394	526.87945630254	618.337293741246	432.935678861162	436.195274355605	561.608927210023	323.699462487858	387.174045401394	551.23884098085	664.82078364157	322.55170652947	0	504.76602166713	537.057097324792	786.172307064984	683.38660345848	435.83404664794	442.7411780645	594.495148718882	583.784091632028	312.106577164465	337.003314941404	550.565885935248	466.328899930368	334.809897868257	227.940974210838
MEP	446.421047520178	320.332563299535	340.051437550944	348.012801291648	419.927253130409	332.204874667071	265.519074916826	321.500535089129	382.599141896728	391.227383906099	381.226733453099	470.97950296279	253.683470562054	163.700370882566	433.471034192119	357.819710280704	370.850752227527	383.566239195351	355.54374527098	237.252995934964	294.790442552838	322.072652144603	476.559429238959	273.418265571374	352.416193578516	379.141011884968	309.072442430457	530.026927856212
MPP	168.486341573147	316.719666314801	426.289321647106	364.359114621463	461.046177883424	180.766832280173	319.028221773597	282.583526805853	246.337847397496	308.106013279778	566.283882681394	396.638766037808	186.666417818793	138.877995392161	340.35472571628	316.429846112332	460.493646309903	500.26862768804	210.26980764257	166.56976868708	426.641046059834	314.634605775197	156.529547061104	341.3807134087	349.352455764557	340.279853389514	254.923502904681	250.232042373295
MSC	133.109064086757	165.565422582132	226.685674062291	322.713385106536	285.784060574053	237.876982616943	229.880426074194	411.488380185837	284.396975917245	235.589522607735	328.908555334501	422.548549525313	215.546443238724	20.0718330808503	228.714602287018	262.073769692467	352.531056017063	357.475428863923	194.685566536868	262.702933096948	219.648960735517	363.910721837911	164.995539494028	108.714137661009	218.365394488565	225.194307336218	221.185265652275	152.540618247218
Macrophages	258.311898137854	292.839324390964	270.045111409824	295.642423352011	238.552071156025	364.133751275965	240.348557513722	177.162260210342	68.8056299338705	250.415962184153	331.921983148885	105.236495696573	214.511447834942	125.071598284055	155.601915888946	209.950497238335	242.004398109557	199.268062323729	208.135190186185	332.180057371648	245.136911192735	164.18724426657	125.541625155864	268.271192207815	259.803049762388	91.6003218596176	219.860774149417	62.5497754603036
Macrophages M1	201.518163959562	329.955923601307	276.377152062155	266.24439702405	323.056176168777	434.763273502155	200.463040102495	207.906613965381	45.2093875025593	278.28732600394	354.18498178016	217.088367648837	223.837008265395	88.290599693399	217.178051613587	274.835723278894	215.712025029931	297.299393278871	186.03932041809	394.932342464799	224.452614043097	249.928319128675	63.3232231173512	201.712158121266	237.758394085496	97.2564441489224	205.803682456874	97.1104154284858
Macrophages M2	166.65251436299	169.435301845771	291.791130268627	204.418218060621	319.48220569239	240.518674211357	222.508800854492	279.381242502362	152.493898387917	285.473603638682	338.929084194611	224.584570615373	244.990517292142	67.7624631261143	270.918912660332	177.818110530412	352.381284448531	204.690124123251	221.545983005423	316.078988740079	244.986623430075	268.392299911137	115.587360707638	187.325822674567	188.607829364815	161.841833624079	230.680103224016	135.496612644953
Mast cells	170.643549666057	209.781021420788	166.750144495183	193.945324929541	198.588829404549	89.8020642309239	135.666938375353	33.5390676019474	97.9495263871481	177.484853305906	199.532910690435	91.4137730057853	91.2858409888073	219.215439577426	134.747015320687	129.05015829151	36.6047182154647	138.962608297774	192.495451788049	22.7544956785459	127.287630241505	16.994397686311	132.096186701312	197.947589435291	257.889512015545	190.534748531853	138.543892271927	287.749088014614
Megakaryocytes	362.717433361633	953.544404805059	672.046818316931	1671.08307263057	733.529260200751	724.694714550007	731.384740930866	453.720911440353	521.271653587974	1355.09375469811	1672.38724114375	1002.14928440856	373.46983224452	58.8765140370941	508.297932235981	768.994347906377	680.106703809345	1836.3770068656	597.973339002887	589.778321154369	746.389095563091	119.192739576576	646.290457539975	1731.29075120458	1530.58735617151	967.473896046941	405.126708694436	137.427557447104
Melanocytes	266.796201869439	471.531692297008	294.750467014786	506.024708375717	558.219562978921	478.346092535181	368.082299013699	385.279817226695	291.395497216133	368.333485973058	349.212080522551	239.594028003596	284.5987118798	112.559554655032	302.484848317295	528.65969706986	487.951750143588	496.93748882524	537.286467320742	559.010415465284	415.425955336254	278.117993524367	389.510401366213	397.647636036031	506.376174585145	350.275155600965	231.727513963294	169.633890637766
Memory B-cells	862.024279379154	322.671336229801	352.511540244666	613.946900025861	589.871708476054	549.870135637973	717.682287655406	26.8099723775127	215.336696969447	631.056150246667	139.978984240348	648.800401317379	560.885743370002	823.818074213321	822.792006247076	285.206851365283	382.487701570425	644.522308514042	591.808873843504	529.229133633428	649.840904584326	344.713187790209	129.768372214186	554.838559175209	120.578322953868	689.632477461488	594.272858142934	951.382030188679
Mesangial cells	205.473697618788	257.911033413376	415.152551039611	382.549423429514	564.45202748744	368.678805867029	372.210370900193	584.603848908443	322.996907834558	401.686407864805	527.512025503582	611.76160128008	385.690181557457	0	446.239908470601	460.207440044307	607.362429739242	568.013057240032	343.295931480454	375.965444589375	544.980678089059	564.135999191635	259.379880633765	277.605862027681	485.161202337857	461.911839946557	324.453690550069	300.414200515615
Monocytes	316.237947991832	436.380024716733	509.89663616493	556.14381117591	297.531108934618	510.673401822704	497.000631869759	175.151602016429	125.640232604909	394.783806968839	593.513448868766	122.583891951645	285.202335237231	140.460416608139	347.771803852948	424.568819071845	590.19868972811	450.203390551256	376.862857837726	656.018541200262	503.324113742131	229.698303532263	303.087839141773	537.128485859301	542.896757834904	180.386160655543	242.079435079423	50.0868372106594
Myocytes	341.598853590425	408.244870980158	579.060965633353	445.279661666236	461.048194134463	326.621102355209	417.835112151799	473.4699266509	443.972706141274	466.436992375841	526.674574088195	602.916993958047	350.024568265735	387.471561122622	479.522398273539	461.934660653155	584.676775898546	618.41199029832	376.40633526599	455.759119731963	424.421161294518	521.319611587016	496.517812517289	363.92190345294	536.279506930474	521.014613049768	292.993594525202	415.771455323209
NK cells	900.691957447987	496.138968401258	664.484137176332	23.9147070409618	366.086123049343	427.334760512096	642.483994798645	830.43385323159	473.689667419415	455.506178823008	666.473230336715	327.860202774368	613.657248237049	459.01253293614	836.844492892746	609.212112760692	557.774423637756	319.202758314842	383.549362716488	370.435372732911	620.147601355524	674.428805360804	759.088054151985	728.226161765922	599.045912420859	582.495551061792	510.553688798116	425.81729520713
NKT	218.379618441167	588.646703040641	499.062726851444	818.58265203993	478.468123951651	815.523038255362	588.593815286943	639.670021308089	379.918641765069	471.119658885665	850.295366200286	305.628621779605	534.982053199206	39.734327289407	361.802865270169	648.190783073224	816.439380349737	887.852582388396	494.258843189026	843.440371414572	596.812482295506	573.806825142693	457.778769741797	663.072394637268	772.8282053197	348.951551211467	381.675131144668	36.8681854477723
Neurons	76.1279999810212	85.1343442769956	160.631981390626	116.758863459011	250.543696351524	94.8659739257898	119.674326769294	190.969848568151	160.056655405654	167.769661892025	196.895223970569	309.806373384226	99.0441315619945	108.417855098395	219.678971301117	173.847586434553	263.280451755788	251.763801860901	146.853453152042	107.2229577177	166.888643350914	211.90488883468	75.9973687834339	94.7578400185811	183.438581865035	185.393260506243	83.3041270852979	211.067784830812
Neutrophils	216.078290347972	453.050733264199	344.66837567931	645.676414635667	199.018785174329	284.365813647994	466.248896890152	215.503364760176	208.246560657744	247.945148955322	483.426124316106	123.182682814033	222.902227472493	84.4771163589085	303.464583755301	579.945953390657	471.231118778329	570.096437776585	441.379399485084	435.650076452617	489.832087187279	237.998753509455	419.488768272562	528.757593132435	623.968534115011	237.890814740167	135.332999846686	128.223900500422
Osteoblast	176.543934408061	183.017968795792	113.947463762408	77.9995528598794	119.23767742509	144.230075789698	140.358013100117	198.25085188966	209.060401846863	126.785954163562	81.7953366313649	85.5121333175072	206.326678476298	220.666015794306	79.0424471979052	135.207084999572	104.766570065976	13.5009398051924	127.974401642405	156.127377862274	99.8429046494978	177.87038863886	171.373724177636	171.510445217345	74.8622053569817	150.506063487232	163.119344483656	185.16503984911
Pericytes	97.1968925774153	270.199569093836	380.128455672633	322.490370840064	378.477197487057	399.335395308657	286.94723237635	358.261359440108	280.645780621501	364.124687214153	376.136226671735	383.407372790037	308.542042614458	7.02909773888291	311.077212482446	308.282641230979	483.693450023253	452.903538102873	211.24328899264	375.310400373902	329.666210067312	383.646538296228	215.155982558955	266.809950660976	375.729296710596	347.003426017056	262.935934839314	219.141827843351
Plasma cells	292.160170790227	213.223551598612	262.736425018675	284.841983950933	312.471812948344	365.256503033967	309.008002498256	228.198489503486	290.560199766838	154.484426194541	32.8903329161684	269.969510011846	296.686516127398	254.536228883601	337.99046579188	218.720958570482	337.005559467753	230.837301974659	257.888388708616	340.47445606327	366.947633381779	335.54047733418	244.833650106721	242.420988271896	174.097418169923	301.157329271652	342.510655767892	325.876764629436
Platelets	148.392386706871	407.016695927556	340.991394844776	713.392922129223	345.844146939369	201.528418002475	195.698648226899	224.72803674275	226.083142281701	510.501604194359	768.885832781734	345.349688907819	134.98499033712	17.4047084690064	244.859429995955	282.209496182762	276.022786557019	865.206145480446	210.623794332801	195.445077503609	280.655015602096	64.8628037548989	231.688809172596	724.173844906479	718.778746003497	376.486109167858	92.3221797772577	76.1117835802122
Preadipocytes	219.091731270777	171.473005829274	215.546284211957	182.902283369089	167.231027871199	164.582998936892	396.402080996146	134.72853222894	271.126810618493	241.74165298385	198.905235764888	286.759328410108	321.387721324779	464.846357217756	243.821156925033	175.139158358617	138.552001808513	171.870806012091	157.094044073773	156.704548480843	305.170163777933	203.217856936883	301.607647780483	139.371594753132	212.387186746441	203.535325194276	253.437064456509	338.937462577513
Sebocytes	335.139366421953	344.673063096683	484.763509250465	468.788457761848	493.757819569699	382.879981586599	405.92132388037	504.75285906108	286.658506374808	388.24073102793	460.16253767346	611.572533115971	262.074556964778	0	428.768739437616	475.615539951738	683.55538081932	553.092528442654	325.056316967778	371.654051788825	503.973581093748	483.949825200849	250.754564102126	342.933479475566	504.854908035183	370.776592533664	342.895258305031	114.834161547565
Skeletal muscle	198.257648853186	251.703461689026	575.367466626095	483.634139978645	656.908705395622	536.11190291609	418.523590376695	698.020538890338	372.466855728368	484.535374123193	608.417168626814	896.866900123978	415.487645381959	0	628.612167614335	502.427135257811	856.598303665027	806.175269991192	362.634602491311	599.041915341749	606.306900953227	687.319874490295	325.80535740268	281.575609175655	559.906445758743	601.171182447388	413.37854529479	359.016290031076
Smooth muscle	335.715401169234	173.242073360642	208.676598716379	113.49329618954	170.640171862534	195.881905723092	233.639148795582	129.754500264213	273.956767018276	267.454378592917	161.991601601397	79.5105299565612	224.411821821575	532.741375022042	194.106167516558	112.500397034144	93.8569017018183	34.7073960068157	173.481785008766	133.690152730583	181.630019389061	154.195837182807	231.279176923107	236.597549805021	95.3501662392879	152.021347993224	189.618655855452	342.980277341976
Tgd cells	396.481587353646	243.091246382699	214.31117311656	62.3125610349725	174.641363477388	202.908381458143	372.439870070336	209.523016243441	297.013911233478	207.168009343428	145.877438731912	100.962244526041	311.22945378196	380.343040921003	263.240533191055	148.508380182558	130.656151101438	0	201.019542930789	189.972114242679	320.796670383372	274.786978332845	395.330863327143	224.115296667686	125.500557902552	184.315225368294	318.089911256823	340.791513021293
Th1 cells	238.233198330258	172.533695044035	204.112872973974	66.0244734012853	142.26249139764	443.410497580704	428.575471773737	248.238143146727	364.955785717436	317.290467001231	107.62118253423	373.14056103671	275.875666442979	80.0462436448752	228.857928559486	54.8596212703557	252.89310244638	37.9585856773334	150.931046200775	325.106750783948	148.743088343537	407.885008715056	368.938265856403	292.412006387517	128.28019836774	268.913633156982	290.563545414534	167.055264548575
Th2 cells	748.558738899455	288.050960622453	430.834186928107	297.021742178224	14.5804916598955	238.293758805637	937.073680897521	448.766245050833	597.373657957348	316.468535620462	324.195679455103	334.451067348921	539.310154260555	862.557704884065	695.966671837744	201.988218152368	397.090289287154	147.196711309679	178.614496553788	321.26203561033	627.704412877676	649.186815066636	725.617636203484	479.533593221781	209.137748623872	331.394283208863	457.084635148727	633.659508981724
Tregs	647.838210108657	659.304711421925	70.0396672836965	388.282006774746	534.872774567476	390.239778241306	398.230710986893	291.891661436332	586.408240805115	207.460545065226	209.040205713965	270.13330668889	507.625825286055	704.783117021979	391.792895826063	341.875543986108	183.741721289744	309.170292614249	491.07813196423	206.974941297578	346.109638996532	262.475316527396	580.06719558822	243.330026517966	207.632604914592	246.387894294487	541.412670835903	555.212692165793
aDC	135.722203178603	236.604700790909	177.159543859311	316.862317009612	465.571949947114	504.670139349652	435.40852332934	181.633243707677	338.101655147319	302.744354147904	493.142030364467	375.297467729749	392.588477565929	213.14791862832	279.082344661309	412.176456980877	311.823994186631	394.438855367134	421.831534484303	605.98404669228	335.332161925185	187.810734829124	285.275896716076	306.94781260695	491.978722946232	241.072764261162	383.06943780381	294.875853613505
cDC	458.893092318255	378.525487313572	264.486514218149	336.449422844881	415.085367638623	175.145507125696	270.983615975021	197.05293720166	152.337211436736	471.569077743078	676.99788935832	230.70984854135	336.87267150953	673.2008787638	294.224976223946	342.461348532565	291.233282566432	262.018812202529	446.522185987493	144.476830395788	225.350934997376	441.428048374143	110.745871433554	464.524385667683	551.305712877005	312.521265725693	316.830054571735	495.818814643636
iDC	134.242819492215	713.270378396219	97.8440676674717	738.001042255397	1152.69083681194	718.094830995221	603.911023434808	522.366152614797	762.715670135424	829.276856140302	1075.54677588762	957.802061291892	643.128694999043	132.973408420062	206.897823012252	855.006293534687	100.877740797739	657.61203415203	1018.1114426675	661.623300398767	604.462054776998	366.885159453802	592.36186596476	689.927135041217	991.356499954539	885.014540499522	673.523282796919	298.48304388808
ly Endothelial cells	130.546648557162	356.590904383571	379.017799223615	614.343554295655	576.091388108987	492.364392683079	368.208264359297	561.885320324055	235.554069475959	438.912484985122	636.34427696415	620.231945985382	265.970078729751	10.9651780390806	447.185287783912	398.032591216296	687.661880211399	676.471863884637	261.626659819168	558.743446393242	527.17907021822	539.782168229005	131.978298359094	421.738043375151	539.79530143842	400.819569193989	326.522770995421	120.483400682696
mv Endothelial cells	92.9451863967861	184.419360427234	238.259224400527	304.537763428358	334.426412532196	329.06996325379	213.25694557001	365.091368528972	184.807190999825	280.418420019078	313.006679687407	392.413822581448	208.582813513257	13.5366224222406	242.935240156145	232.78837310535	334.267628808091	318.448699543082	163.877249218747	352.332987533929	290.855251643102	288.148492023213	119.822439553992	249.0187817019	284.842266096383	254.599284124344	200.33597133036	89.0548276957891
naive B-cells	1262.53918146203	451.930417672323	417.595727328987	744.59996848269	647.125846257518	664.979684647761	846.35279099774	32.6682342931432	281.160910831575	950.37915210244	74.5981442195583	797.817545709302	663.42805886185	1261.08877297243	1085.93791492793	386.403213228777	351.757589581053	789.50984277742	814.034718403621	555.768667233597	680.370821743693	376.027027101883	249.037263486197	820.845130917553	190.348875095409	873.532877112298	672.502644844915	1301.78910223975
pDC	294.59168882451	268.278418025574	468.212837212532	129.045557692078	623.072758329761	705.521618382586	244.24466775212	317.142770852233	112.129793687884	278.634649562036	313.341714363385	317.062371135444	182.557452624949	196.473059404709	327.308923039563	173.771826257915	497.059891969441	140.224648722925	464.685420410634	674.955305604237	266.528622443902	354.170317436019	275.734939853623	314.093768424777	153.571407005255	353.236109153243	140.823340082275	332.393746260449
pro B-cells	295.04145387361	195.377973810554	314.657985246136	377.462955498309	495.79798779666	315.833114359899	509.196497299913	219.675996248723	291.002426243826	382.585215990416	358.478345197224	585.060909973149	321.740849513901	136.696132851618	463.134513885731	316.04882534929	524.884231712078	427.954856956735	280.8602480417	332.377843466629	563.434683475865	329.479160007499	197.673381739772	285.41377796267	213.197899769224	383.645334364831	342.729935130858	362.219056454746
