	V1	V2	V3	V4	V5	V6	V7	V8	V9	V10	V11	V12	V13	V14	V15	V16	V17	V18	V19	V20	V21	V22	V23	V24	V25	V26	V27	V28
Adipocytes	0.219663333333333	0.584493333333333	0.0449133333333334	0.893536666666667	0.0232599999999999	0.612623333333333	0.0948066666666667	0.000913333333333322	0.19761	0.46047	0.0798266666666667	0.20013	0.564836666666667	1	0.0228566666666666	1	0.0408133333333334	1	1	0.05371	0.378803333333333	0.179443333333333	0.227146666666667	0.81771	0.939066666666667	0.209786666666667	0.104476666666667	0.636833333333333
Astrocytes	1	0.317876666666667	0.226616666666667	0.160176666666667	0.15077	0.247153333333333	0.239823333333333	1	1	1	0.266326666666667	0.15842	0.28254	1	0.276963333333333	0.16432	0.242403333333333	0.194643333333333	0.28077	0.269463333333333	0.09884	0.273186666666667	0.311206666666667	0.19981	0.235513333333333	0.106273333333333	0.312913333333333	1
B-cells	0	0.441723333333333	0.399453333333333	0.0133799999999999	1	0.000156666666666694	0	1	0.115206666666667	0	1	0.00523666666666667	0	0	0	1	1	0.00992999999999999	0.06241	0.00183666666666671	0.00523666666666667	0.149986666666667	0.406523333333333	0	1	0	0	0
Basophils	0.188836666666667	1	0.165296666666667	0.731736666666667	0.34061	0.156703333333333	0.214203333333333	0.163633333333333	0.436836666666667	0.522863333333333	1	0.176326666666667	0.50223	1	0.110013333333333	0.803923333333333	0.0614400000000001	0.13162	1	0.30215	0.13993	0.142396666666667	0.647026666666667	0.419963333333333	1	0.251723333333333	0.497626666666667	1
CD4+ T-cells	2.66666666666193e-05	0.176453333333333	0.488956666666667	1	0.15848	0.648416666666667	0.172936666666667	0.34163	0	0.0358933333333333	1	0.0775466666666667	0.00334000000000001	0	0.1788	0.498483333333333	1	1	0.02525	1	0.10431	0.103853333333333	0	0.404633333333333	1	0.0255866666666666	0	0
CD4+ Tcm	1	1	1	1	0.175	1	1	0.341883333333333	0.00256000000000001	0.61509	1	0.0110133333333333	0.08244	0.06289	0.167613333333333	1	1	1	0.0546833333333333	1	1	0.642063333333333	0.10942	1	1	0.180616666666667	0.0216966666666667	0.0728233333333334
CD4+ Tem	0.163613333333333	0.546693333333333	1	1	0.503226666666667	1	0.0407233333333333	0.824803333333333	0.519243333333333	1	1	1	0.26215	0.06677	0.44339	0.607023333333333	1	1	0.397686666666667	1	0.111026666666667	0.39201	0.855483333333333	1	1	1	0.409463333333333	0.133743333333333
CD4+ memory T-cells	0.0219166666666667	0.40878	0.722786666666667	1	0.610236666666667	1	0.354456666666667	0.849276666666667	0.0449366666666666	0.435963333333333	1	0.782226666666667	0.0925066666666666	0	0.289136666666667	0.8328	1	1	0.123813333333333	1	0.181173333333333	0.47416	0.0349733333333333	0.642666666666667	1	0.23628	0.0659133333333334	0
CD4+ naive T-cells	0.419993333333333	0.859273333333333	1	1	0.28005	1	1	0.509513333333333	0.0125133333333334	0.05124	1	0.0416266666666667	0.248296666666667	0.0237466666666667	1	1	1	1	0.113846666666667	1	1	0.21107	0.0853033333333333	0.679733333333333	1	0.03338	0.0743066666666666	0.0335066666666667
CD8+ T-cells	0.0787933333333334	1	1	1	1	1	0.195476666666667	0.601383333333333	0	0.2728	1	0.0101766666666666	0.14313	0.01709	0.52074	1	1	1	1	1	0.317056666666667	0.0351366666666667	0.0102633333333333	1	1	0.0311233333333333	0.0490233333333333	0.111973333333333
CD8+ Tcm	0.0742699999999999	1	1	1	1	1	0.170186666666667	1	0.0847766666666666	0.74057	1	0.883036666666667	0.3736	0.03279	0.510663333333333	1	1	1	1	1	0.17309	0.2923	0.0825933333333333	1	1	1	0.18713	0.0453866666666667
CD8+ Tem	0.387076666666667	1	0.792843333333333	1	1	1	0.677326666666667	0.18696	0.89162	1	1	0.775383333333333	0.738816666666667	1	0.247266666666667	1	0.892813333333333	1	1	1	0.51119	0.174033333333333	0.795916666666667	1	1	0.486696666666667	0.768113333333333	0.743616666666667
CD8+ naive T-cells	0.00871666666666671	0.07678	0	1	1	0.234896666666667	0.000600000000000045	0.376463333333333	0	0.0321033333333334	1	0	0	0.00514000000000003	1	1	1	1	1	0.00983000000000001	0.0177366666666666	0.205823333333333	0	0.00668999999999997	0.0711266666666667	0.00288999999999995	0	0.522046666666667
CLP	0	0.105976666666667	0.000856666666666617	0.698446666666667	0.7225	1	0.16311	0.62715	0	0.00157666666666667	0.385406666666667	0.331503333333333	0.16958	0	0.44953	0.769093333333333	0.75964	0.98049	0.16958	0.934826666666667	0.282423333333333	0.245586666666667	0	0.0263933333333334	0.928493333333333	0.798186666666667	0.0254799999999999	0
CMP	1	1	0.1667	1	1	1	0.588876666666667	0.756223333333333	1	1	0.685033333333333	0.21729	1	1	0.333136666666667	1	0.06259	1	1	1	0.250003333333333	1	1	1	1	1	1	0.56732
Chondrocytes	1	0.573166666666667	1	1	1	1	1	1	1	1	1	1	1	1	1	1	1	1	1	1	0.411806666666667	1	1	1	0.0933933333333333	0.45799	1	1
Class-switched memory B-cells	0.0104533333333333	1	1	5.66666666667048e-05	0.75166	1	0.0200533333333334	1	1	1	1	0.00234333333333336	0.302206666666667	0.10848	0	1	1	0	0.344896666666667	1	0.129963333333333	1	1	0.622086666666667	1	0.0322933333333333	0.15488	0.0011133333333333
DC	1	0.03734	1	0.0888099999999999	0.00437333333333334	0.12534	0.02498	0.0753733333333333	0.00977666666666666	0.00277666666666665	0	0.000333333333333297	0.0031066666666667	0.850903333333333	1	0	1	0.0341733333333334	0.000183333333333313	0.01546	0.122673333333333	0.04221	0.175853333333333	0.0793633333333333	9.9999999999989e-05	0.0625066666666667	0.001	1
Endothelial cells	1	1	0.166873333333333	0	0.02624	0	0.352873333333333	0	1	0	0.0974333333333334	0	0.0207233333333333	1	0	0.0252666666666667	0	0.01349	0.47949	0	0.34663	0	1	0	0	0.00605	0	1
Eosinophils	1	0	0.0606266666666667	0.000246666666666617	0	0.606433333333333	0.0113833333333333	0.677096666666667	0.28107	0.17556	0	0.180676666666667	0.248293333333333	0.923423333333333	1	0	0.0841133333333334	0.344553333333333	0	0.285606666666667	0.0267366666666666	1	0.16762	0.17221	0	0.120813333333333	0.431753333333333	0.0284466666666666
Epithelial cells	0.0269766666666666	0	0	0	0	0	0	0	0	0	0	0.000243333333333373	0	0.85445	0	0	0	0	0	0	0	0	0	0	0	0	0	0.000426666666666686
Erythrocytes	0.02859	1	0	1	0.06875	0	0	0	0	0	1	0	0.0184433333333334	1	0.00802000000000003	1	1.33333333333097e-05	0.219713333333333	0.1428	0	0.000680000000000014	0	0	0.00431999999999999	0.00357333333333332	0	0.00299666666666665	0.0141733333333334
Fibroblasts	1	0.862086666666667	0.428413333333333	1	0.692073333333333	1	1	0.553566666666667	1	0.380816666666667	1	1	0.770573333333333	1	0.224966666666667	1	0.69604	1	1	0.582696666666667	0.536993333333333	1	1	1	0.637443333333333	0.78714	1	0.42503
GMP	0.163286666666667	0.20971	0.120996666666667	0.518573333333333	0.179446666666667	0.58995	0.0581733333333333	1	0.160046666666667	0.463136666666667	0.0476033333333333	0.88882	0.57957	0.00558000000000003	0.81959	0.530953333333333	0.33986	1	0.20875	0.45961	0.0755633333333333	1	0.0797966666666666	0.552146666666667	0.21642	0.501753333333333	1	0
HSC	1	1	1	1	1	1	1	0.80846	1	1	0.719016666666667	0.61676	1	1	0.837803333333333	0.697443333333333	0.725903333333333	0.626866666666667	1	0.95592	0.734213333333333	1	1	0.38938	0.81811	0.31833	1	0.67868
Hepatocytes	0.44761	1	0.368473333333333	0.96964	1	0.110246666666667	0.776133333333333	0.4049	0.328666666666667	0.225876666666667	1	0.776133333333333	0.10309	1	0.01828	0.718316666666667	0.54623	1	1	0.110246666666667	0.320383333333333	0.0854733333333333	0.25601	0.530756666666667	1	0.624786666666667	0.184603333333333	0.613933333333333
Keratinocytes	0	0.0158366666666667	0	0	0	0	0	0	0	0	0	0	2.99999999999745e-05	1	0	0	0	0	0	0	0	0	0.000299999999999967	0.00807999999999998	0	0	0	0.01814
MEP	0.178433333333333	1	1	1	1	1	1	1	1	1	1	1	1	1	0.252886666666667	1	1	1	1	1	1	1	1	1	1	1	1	0.319646666666667
MPP	1	0.670786666666667	0.351843333333333	0.635296666666667	0.265043333333333	1	0.89261	0.774373333333333	0.99034	0.859106666666667	0.132296666666667	0.58642	1	1	0.709526666666667	0.660313333333333	0.288733333333333	0.317816666666667	1	1	0.451013333333333	0.659563333333333	1	0.80472	0.606353333333333	0.78833	1	1
MSC	0.683133333333333	0.52529	0.309066666666667	0.120903333333333	0.122353333333333	0.432023333333333	0.39872	0.000856666666666617	0.129813333333333	0.27902	0.0935666666666667	0	0.35461	1	0.261976666666667	0.228486666666667	0.07924	0.130076666666667	0.40355	0.29131	0.3926	0.0208133333333334	0.570776666666667	1	0.403063333333333	0.24347	0.263323333333333	0.446606666666667
Macrophages	0.13168	0.343003333333333	0.265836666666667	0.2698	1	0.04675	0.579823333333333	1	1	0.274013333333333	0.520826666666667	1	0.441726666666667	0.49501	0.64351	1	0.705783333333333	0.9655	1	0.150413333333333	0.671503333333333	1	1	0.21481	1	1	0.344793333333333	1
Macrophages M1	0.187366666666667	0.20329	0.796746666666667	0.933876666666667	1	0.0306366666666666	1	1	1	0.863216666666667	1	1	1	0.90157	0.82596	0.84043	1	0.579246666666667	1	0.408256666666667	1	1	1	1	1	1	1	1
Macrophages M2	0.578903333333333	1	0.0325633333333334	0.495846666666667	0.103816666666667	0.28439	0.548436666666667	0.0813700000000001	1	0.09257	0.116436666666667	0.380296666666667	0.234916666666667	1	0.06099	0.925883333333333	0.00442333333333333	0.55053	0.599383333333333	0.0706533333333333	0.324503333333333	0.09668	1	0.64391	1	1	0.29155	0.885673333333333
Mast cells	0.0924166666666667	0.461406666666667	0.251036666666667	1	0.172453333333333	0.8059	0.679206666666667	0.77645	0.408666666666667	0.34736	0.0698133333333333	0.619353333333333	0.671723333333333	0.575166666666667	0.359233333333333	0.408666666666667	1	1	0.56778	1	0.58238	1	0.159156666666667	0.56778	0.0148333333333334	0.12652	0.461406666666667	0.0587166666666666
Megakaryocytes	0.557336666666667	0	0.124296666666667	0	0.04115	0.01464	0.0520366666666666	0.334116666666667	0.31342	0	0	0	0.446616666666667	1	0.208126666666667	0.00846999999999998	0.06374	0	0.11233	0.08876	0.05716	1	0.0989	0	0	0	0.280173333333333	1
Melanocytes	0.286586666666667	0	0.135883333333333	0	0	3.33333333335517e-06	0.0431833333333334	0.0144833333333333	0.12229	0.0292366666666667	0.115683333333333	0.526903333333333	0.217223333333333	1	0.09162	0	0	0	0	0	0.00191333333333332	0.203726666666667	0.00528333333333331	0.0421899999999999	0	0.03849	0.649676666666667	0.768673333333333
Memory B-cells	0	1	1	0.00543000000000005	1	0.000623333333333309	0.00144666666666671	1	1	9.33333333332786e-05	1	0.0102366666666667	0.000156666666666694	0	0	1	1	0.00205666666666671	1	0.000206666666666688	0.04552	0.1226	1	0.00982666666666665	1	0.00053000000000003	3.33333333335517e-06	0
Mesangial cells	0.0447833333333333	0.0290666666666667	0	0	0	0	0	0	0.000750000000000028	0	0	0	0	1	0	0	0	0	0.000426666666666686	0	0	0	0.00351333333333337	8.33333333333242e-05	0	0	0	0.000750000000000028
Monocytes	1	1	0.584783333333333	1	1	0.35687	1	1	1	1	1	1	1	1	1	1	0.54713	1	1	0.15213	1	1	1	0.54419	1	1	1	1
Myocytes	1	1	0.00268999999999997	0.647183333333333	0.577916666666667	1	1	1	0.747826666666667	0.223426666666667	0.256133333333333	0.0669166666666666	1	0.78878	0.266486666666667	0.34582	0.04533	0.430473333333333	1	0.49504	0.78878	0.157146666666667	0.0792433333333333	1	0.0485666666666666	0.05784	1	0.623176666666667
NK cells	0.02315	0.908713333333333	0.18342	1	1	0.852226666666667	0.320576666666667	0.04555	0.86256	1	0.94214	1	0.33394	0.844166666666667	0.0337066666666667	0.409543333333333	0.707236666666667	1	1	1	0.42313	0.152586666666667	0.176563333333333	0.25619	0.856283333333333	0.365726666666667	0.465396666666667	0.717933333333333
NKT	0.63632	0.04815	0.0840666666666666	0.0137533333333333	0.106583333333333	0	0.0391366666666667	0.02128	0.15637	0.0990166666666666	0.000390000000000001	0.265383333333333	0.06324	1	0.209666666666667	0.0199033333333334	0.00158333333333338	4.33333333332842e-05	0.104173333333333	0	0.0341033333333334	0.0472233333333333	0.106583333333333	0.02229	0.00226999999999999	0.221326666666667	0.160873333333333	1
Neurons	1	1	0.966933333333333	1	0.83231	1	1	0.5276	0.984713333333333	0.93922	0.997283333333333	0.12725	1	1	0.509803333333333	0.89948	0.286536666666667	0.28097	1	1	1	0.4612	1	1	1	0.917073333333333	1	0.81081
Neutrophils	1	0.73089	0.940773333333333	0.02963	1	0.67165	0.47904	1	1	1	0.213936666666667	1	1	1	1	0.171433333333333	0.158813333333333	0.116426666666667	1	0.32499	0.492636666666667	1	0.578763333333333	0.28884	0.0555033333333333	1	1	1
Osteoblast	0	0	0.28726	1	0.40014	0.00156999999999996	0.00659333333333334	0	0	0.192753333333333	1	1	0	0	1	0.01959	1	1	0.00326333333333328	0.00229333333333337	0.40862	0.00770000000000004	0	0	1	0.00719333333333338	0	0
Pericytes	0.218783333333333	0	0	0	0	0	0	0	0	0	0	0	0	1	0	0	0	0	0	0	0	0	0	0	0	0	0	0.00055666666666665
Plasma cells	1	0.362263333333333	0.0586966666666666	0.174563333333333	0.282286666666667	0	0.212283333333333	0.371546666666667	0	1	1	0.460233333333333	0.00867666666666667	1	0.18927	0.18927	0.0236033333333333	1	1	0	0.00293333333333334	0	0.0170566666666667	0.0625833333333333	1	0.108483333333333	0	1
Platelets	0.524386666666667	0.121533333333333	0.16592	0.12119	0.63168	0.644736666666667	0.39813	0.380873333333333	0.3215	0.0258033333333333	0.197803333333333	0.145553333333333	0.549866666666667	1	0.17066	0.23625	1	0.0315033333333333	0.976393333333333	0.72667	0.19579	1	0.27428	0	0.115596666666667	0.11982	0.862286666666667	1
Preadipocytes	0.499346666666667	1	1	1	1	1	0.0053266666666667	1	0.44692	1	1	0.90837	0.0829533333333333	0	0.669876666666667	1	1	1	1	1	0.0951233333333333	1	0.0756933333333333	1	1	1	0.422356666666667	0.03227
Sebocytes	0.120253333333333	0.145293333333333	0.06807	0.132453333333333	0.12642	0.185413333333333	0.132453333333333	0.10344	0.199466666666667	0.132453333333333	0.138863333333333	0.0446433333333334	0.233986666666667	1	0.171973333333333	0.10344	0.0555133333333333	0.152133333333333	0.213313333333333	0.192403333333333	0.120253333333333	0.12642	0.247613333333333	0.192403333333333	0.0925133333333333	0.206433333333333	0.11462	0.32964
Skeletal muscle	0.61647	0.55339	0	0.133936666666667	0	0	0.011	0	0.00111000000000006	0	0	0	0	1	0	0.01664	0	0	0.0921133333333334	0	0	0	0.0229166666666667	0.43001	0	0	0.000603333333333289	0.0116933333333333
Smooth muscle	0	0.23234	0.363873333333333	1	1	0.384136666666667	0.196713333333333	1	0.115216666666667	0.149153333333333	1	1	0.129903333333333	0	0.484173333333333	1	1	1	0.293373333333333	1	0.48186	1	0.0553066666666666	0.0563433333333333	1	0.89479	0.339636666666667	0
Tgd cells	0.23247	0.48217	0.693846666666667	1	0.68703	1	0.48551	0.818023333333333	0.34727	0.57344	1	1	0.3897	0.17149	0.647826666666667	0.909526666666667	1	1	0.56607	0.95247	0.35473	0.57103	0.208193333333333	0.855596666666667	1	0.695273333333333	0.27579	0.170946666666667
Th1 cells	0.986733333333333	0.65499	0.724576666666667	1	0.77348	0.116523333333333	0.374386666666667	0.647506666666667	0.408216666666667	0.39722	0.955836666666667	0.303673333333333	0.60339	1	0.875073333333333	1	0.537656666666667	1	0.685523333333333	0.314556666666667	1	0.396	0.471286666666667	0.501243333333333	0.751983333333333	0.552616666666667	0.569936666666667	1
Th2 cells	0.129516666666667	0.771846666666667	0.448576666666667	0.595316666666667	1	1	0.03356	0.435073333333333	0.38713	0.81755	0.475456666666667	0.738096666666667	0.402196666666667	0.0661333333333334	0.105666666666667	0.75365	0.53884	1	0.93346	0.75365	0.18613	0.29454	0.249656666666667	0.40788	0.764103333333333	0.69055	0.585283333333333	0.215666666666667
Tregs	0.06885	0.00402000000000002	1	0.181516666666667	0.02734	0.21922	0.900523333333333	0.474433333333333	0.356216666666667	1	1	1	0.252096666666667	0.117093333333333	0.375316666666667	0.19332	1	0.31826	0.09473	1	0.685796666666667	1	0.194143333333333	1	0.853296666666667	1	0.238956666666667	0.304903333333333
aDC	1	1	1	1	1	0.93351	0.905416666666667	1	0.898476666666667	1	1	1	0.78767	0.86222	1	1	1	1	1	0.3373	1	1	1	1	1	1	0.73962	0.637276666666667
cDC	0.12025	1	1	1	1	1	1	1	1	0.252966666666667	1	1	1	0	1	1	1	1	1	1	1	0.0253733333333334	1	0.599003333333333	1	1	0.853176666666667	0.313656666666667
iDC	1	0.08987	1	0.03438	0	0.000223333333333353	0.156276666666667	0.09473	0	3.33333333335517e-06	0	0	0.00356333333333336	1	1	0	1	0.0446733333333333	0	0.0242333333333333	0.265276666666667	0.43254	0.01869	0.0793966666666667	0	0	0.000269999999999992	0.94433
ly Endothelial cells	0.665493333333333	0.0366366666666667	0.05471	0	0	0	0.0424933333333334	0	0.301986666666667	0	0	0	0.26469	1	0	0.0218866666666667	0	0	0.25494	0	0	0	0.835166666666667	0.0468933333333333	0	0.0424933333333334	0.01936	0.554536666666667
mv Endothelial cells	0.02634	0	0	0	0	0	0	0	0	0	0	0	0	1	0	0	0	0	0	0	0	0	2.33333333333752e-05	0	0	0	0	0.0268
naive B-cells	0	1	1	0.00620666666666669	1	0.00251999999999997	0.00227333333333335	1	1	0	1	0.00365000000000004	0.000179999999999958	0	0	1	1	0.00503333333333333	0.00671333333333335	0.0186366666666666	0.181343333333333	0.3431	1	0	1	0	7.66666666666138e-05	0
pDC	1	1	1	1	1	0.07906	1	1	1	1	1	1	1	1	1	1	1	1	1	0.15374	1	1	1	1	1	1	1	1
pro B-cells	1	1	1	1	1	1	0.538493333333333	1	1	0.7245	1	0.177663333333333	1	1	0.500803333333333	1	0.749876666666667	0.826333333333333	1	1	0.38317	1	1	1	1	0.7686	0.836996666666667	1
